3 1                            
0 12500 166666.666666667       
0 10000 166666.666666667       
10700 2.5e-007 2.5e-006 2      
6500 2.1e-006 0.00023 2        
0 1.2e-007                     
100000000 300000000 10000 2000 
0 0 0.8 0                      
10 500                         
1e-007 1e-007                  
0 2e+097 1                     
5000 0 10                      
5e-008 2e-006 1 0.0001         
1 1 1                          
0 0                            
1                              
0.001                          
1000000                        
1                              
